================================================================================
================================================================================
Verification Started At:   Wed Nov 22  12:42:41  2017
Verification Completed At: Wed Nov 22  12:43:31  2017
================================================================================
Verification report                                     Machine S/N:SFD2001052
Grid S/N:    RET640554  Units: IN                       12:43PM on 11\22\17
================================================================================
        X Location (0.00040-0.00020)         Y Location (0.00040-0.00020)     
--------------------------------------------------------------------------------
      Nominal     Actual    Deviation         Nominal     Actual    Deviation 
================================================================================

Zoom position 1:
 NW  -0.98425   -0.98420    +0.00005         +0.98425   +0.98422    -0.00003   
  N  +0.00000   +0.00002    +0.00002         +0.98425   +0.98428    +0.00003   
 NE  +0.98425   +0.98421    -0.00004         +0.98425   +0.98419    -0.00006   
  W  -0.98425   -0.98422    +0.00003         +0.00000   +0.00002    +0.00002   
 C1  +0.00000   +0.00000    +0.00000         +0.00000   +0.00000    +0.00000   
  E  +0.98425   +0.98424    -0.00001         +0.00000   -0.00001    -0.00001   
 SW  -0.98425   -0.98423    +0.00002         -0.98425   -0.98423    +0.00002   
  S  +0.00000   -0.00007    -0.00007         -0.98425   -0.98419    +0.00006   
 SE  +0.98425   +0.98412    -0.00014         -0.98425   -0.98418    +0.00007   

Zoom position 2:
 NW  -0.98425   -0.98419    +0.00007         +0.98425   +0.98427    +0.00002   
  N  +0.00000   +0.00004    +0.00004         +0.98425   +0.98425    -0.00001   
 NE  +0.98425   +0.98424    -0.00002         +0.98425   +0.98423    -0.00003   
  W  -0.98425   -0.98419    +0.00006         +0.00000   +0.00000    +0.00000   
 C1  +0.00000   +0.00000    +0.00000         +0.00000   +0.00000    +0.00000   
  E  +0.98425   +0.98423    -0.00002         +0.00000   -0.00001    -0.00001   
 SW  -0.98425   -0.98420    +0.00005         -0.98425   -0.98419    +0.00006   
  S  +0.00000   -0.00003    -0.00003         -0.98425   -0.98423    +0.00002   
 SE  +0.98425   +0.98419    -0.00006         -0.98425   -0.98423    +0.00003   

Zoom position 3:
 NW  -0.98425   -0.98424    +0.00001         +0.98425   +0.98422    -0.00003   
  N  +0.00000   +0.00001    +0.00001         +0.98425   +0.98424    -0.00001   
 NE  +0.98425   +0.98424    -0.00001         +0.98425   +0.98424    -0.00002   
  W  -0.98425   -0.98425    +0.00000         +0.00000   -0.00002    -0.00002   
 C1  +0.00000   +0.00000    +0.00000         +0.00000   +0.00000    +0.00000   
  E  +0.98425   +0.98425    -0.00001         +0.00000   -0.00000    -0.00000   
 SW  -0.98425   -0.98425    +0.00000         -0.98425   -0.98428    -0.00002   
  S  +0.00000   -0.00000    -0.00000         -0.98425   -0.98425    +0.00000   
 SE  +0.98425   +0.98425    +0.00000         -0.98425   -0.98426    -0.00001   

Zoom position 4:
 NW  -0.43307   -0.43310    -0.00003         +0.31496   +0.31497    +0.00001   
  N  +0.00000   -0.00001    -0.00001         +0.31496   +0.31496    -0.00000   
 NE  +0.43307   +0.43309    +0.00002         +0.31496   +0.31495    -0.00001   
  W  -0.43307   -0.43309    -0.00002         +0.00000   +0.00001    +0.00001   
 C1  +0.00000   +0.00000    +0.00000         +0.00000   +0.00000    +0.00000   
  E  +0.43307   +0.43308    +0.00001         +0.00000   -0.00002    -0.00002   
 SW  -0.43307   -0.43310    -0.00003         -0.31496   -0.31496    -0.00000   
  S  +0.00000   -0.00002    -0.00002         -0.31496   -0.31499    -0.00003   
 SE  +0.43307   +0.43307    +0.00000         -0.31496   -0.31499    -0.00003   

Zoom position 5:
 NW  -0.43307   -0.43309    -0.00002         +0.31496   +0.31495    -0.00001   
  N  +0.00000   -0.00001    -0.00001         +0.31496   +0.31497    +0.00001   
 NE  +0.43307   +0.43308    +0.00000         +0.31496   +0.31497    +0.00001   
  W  -0.43307   -0.43307    -0.00000         +0.00000   -0.00000    -0.00000   
 C1  +0.00000   +0.00000    +0.00000         +0.00000   +0.00000    +0.00000   
  E  +0.43307   +0.43307    +0.00000         +0.00000   +0.00001    +0.00001   
 SW  -0.43307   -0.43307    +0.00000         -0.31496   -0.31499    -0.00003   
  S  +0.00000   -0.00000    -0.00000         -0.31496   -0.31497    -0.00001   
 SE  +0.43307   +0.43309    +0.00002         -0.31496   -0.31497    -0.00001   

Zoom position 6:
 NW  -0.43307   -0.43309    -0.00002         +0.31496   +0.31496    +0.00000   
  N  +0.00000   -0.00003    -0.00003         +0.31496   +0.31495    -0.00001   
 NE  +0.43307   +0.43306    -0.00001         +0.31496   +0.31498    +0.00002   
  W  -0.43307   -0.43309    -0.00002         +0.00000   +0.00001    +0.00001   
 C1  +0.00000   +0.00000    +0.00000         +0.00000   +0.00000    +0.00000   
  E  +0.43307   +0.43305    -0.00002         +0.00000   +0.00000    +0.00000   
 SW  -0.43307   -0.43308    -0.00001         -0.31496   -0.31496    +0.00000   
  S  +0.00000   +0.00000    +0.00000         -0.31496   -0.31498    -0.00002   
 SE  +0.43307   +0.43308    +0.00001         -0.31496   -0.31496    +0.00000   
