================================================================================
Verification Started At:   Wed Nov 22  12:42:41  2017
Verification Completed At: Wed Nov 22  12:43:31  2017
================================================================================
Verification report                                     Machine S/N:SFD2001052
Grid S/N:    RET640554 Units: IN                        12:43PM on 11\22\17
================================================================================
        Distance  Low Mag: 10.0+L/10000000           Distance  High Mag: 5.0+L/10000000
--------------------------------------------------------------------------------
        Nominal    Atol   Deviation            Nominal    Atol   Deviation      
================================================================================

Zoom position 3 (Low Mag):
 1- 2    +0.98425 +0.00039 -0.00000      1- 3    +1.96850 +0.00039 -0.00002     
 1- 4    +0.98425 +0.00039 -0.00002      1- 5    +1.39194 +0.00039 -0.00003     
 1- 6    +2.20085 +0.00039 -0.00003      1- 7    +1.96850 +0.00039 -0.00001     
 1- 8    +2.20085 +0.00039 -0.00004      1- 9    +2.78388 +0.00039 -0.00003     
 2- 3    +0.98425 +0.00039 -0.00002      2- 4    +1.39194 +0.00039 +0.00001     
 2- 5    +0.98425 +0.00039 -0.00001      2- 6    +1.39194 +0.00039 -0.00001     
 2- 7    +2.20085 +0.00039 +0.00002      2- 8    +1.96850 +0.00039 -0.00001     
 2- 9    +2.20085 +0.00039 -0.00001      3- 4    +2.20085 +0.00039 -0.00001     
 3- 5    +1.39194 +0.00039 -0.00002      3- 6    +0.98425 +0.00039 -0.00001     
 3- 7    +2.78388 +0.00039 -0.00000      3- 8    +2.20085 +0.00039 -0.00002     
 3- 9    +1.96850 +0.00039 -0.00001      4- 5    +0.98425 +0.00039 -0.00000     
 4- 6    +1.96850 +0.00039 -0.00001      4- 7    +0.98425 +0.00039 +0.00001     
 4- 8    +1.39194 +0.00039 -0.00002      4- 9    +2.20085 +0.00039 -0.00001     
 5- 6    +0.98425 +0.00039 -0.00001      5- 7    +1.39194 +0.00039 +0.00002     
 5- 8    +0.98425 +0.00039 -0.00000      5- 9    +1.39194 +0.00039 +0.00000     
 6- 7    +2.20085 +0.00039 +0.00000      6- 8    +1.39194 +0.00039 -0.00000     
 6- 9    +0.98425 +0.00039 +0.00000      7- 8    +0.98425 +0.00039 -0.00000     
 7- 9    +1.96850 +0.00039 -0.00000      8- 9    +0.98425 +0.00039 +0.00000     

Zoom position 6 (High Mag):
 1- 2    +0.43307 +0.00020 -0.00001      1- 3    +0.86614 +0.00020 +0.00001     
 1- 4    +0.31496 +0.00020 -0.00000      1- 5    +0.53549 +0.00020 +0.00002     
 1- 6    +0.92163 +0.00020 +0.00000      1- 7    +0.62992 +0.00020 +0.00000     
 1- 8    +0.76443 +0.00020 +0.00003      1- 9    +1.07098 +0.00020 +0.00002     
 2- 3    +0.43307 +0.00020 +0.00002      2- 4    +0.53549 +0.00020 -0.00002     
 2- 5    +0.31496 +0.00020 -0.00001      2- 6    +0.53549 +0.00020 +0.00000     
 2- 7    +0.76443 +0.00020 -0.00003      2- 8    +0.62992 +0.00020 +0.00000     
 2- 9    +0.76443 +0.00020 +0.00000      3- 4    +0.92163 +0.00020 +0.00001     
 3- 5    +0.53549 +0.00020 +0.00000      3- 6    +0.31496 +0.00020 +0.00002     
 3- 7    +1.07098 +0.00020 +0.00000      3- 8    +0.76443 +0.00020 +0.00002     
 3- 9    +0.62992 +0.00020 +0.00001      4- 5    +0.43307 +0.00020 +0.00002     
 4- 6    +0.86614 +0.00020 -0.00000      4- 7    +0.31496 +0.00020 +0.00001     
 4- 8    +0.53549 +0.00020 +0.00003      4- 9    +0.92163 +0.00020 +0.00002     
 5- 6    +0.43307 +0.00020 -0.00002      5- 7    +0.53549 +0.00020 +0.00000     
 5- 8    +0.31496 +0.00020 +0.00002      5- 9    +0.53549 +0.00020 +0.00000     
 6- 7    +0.92163 +0.00020 -0.00001      6- 8    +0.53549 +0.00020 -0.00001     
 6- 9    +0.31496 +0.00020 -0.00000      7- 8    +0.43307 +0.00020 +0.00001     
 7- 9    +0.86614 +0.00020 +0.00001      8- 9    +0.43307 +0.00020 +0.00000     
