================================================================================
Verification Started At:   Wed Nov 22  12:48:43  2017
Verification Completed At: Wed Nov 22  12:49:02  2017
================================================================================
Verification report                                     Machine S/N:SFD2001052
Grid S/N: 0003  Units: IN              4.0+L/100             12:49PM on 11\22\17
================================================================================
                     Distance                               Distance  
--------------------------------------------------------------------------------
        Nominal    Atol   Deviation            Nominal    Atol   Deviation      
================================================================================
 1- 2    +0.47244 +0.00016 +0.00000      1- 3    +0.94488 +0.00017 -0.00001     
 1- 4    +1.41732 +0.00017 -0.00000      1- 5    +1.88976 +0.00018 -0.00000     
 1- 6    +1.92269 +0.00018 +0.00001      1- 7    +1.46094 +0.00017 +0.00000     
 1- 8    +1.00913 +0.00017 +0.00001      1- 9    +0.59055 +0.00016 -0.00000     
 1-10    +0.35433 +0.00016 -0.00002      1-11    +0.70866 +0.00016 +0.00000     
 1-12    +0.85170 +0.00017 +0.00001      1-13    +1.18110 +0.00017 +0.00000     
 1-14    +1.58461 +0.00017 -0.00000      1-15    +2.01826 +0.00018 +0.00000     
 1-16    +2.16821 +0.00018 -0.00000      1-17    +1.77165 +0.00018 -0.00001     
 1-18    +1.42223 +0.00017 +0.00001      1-19    +1.16325 +0.00017 +0.00001     
 1-20    +1.06299 +0.00017 -0.00001      1-21    +1.41732 +0.00017 +0.00001     
 1-22    +1.49399 +0.00017 +0.00000      1-23    +1.70341 +0.00017 +0.00002     
 1-24    +2.00439 +0.00018 +0.00001      1-25    +2.36220 +0.00018 +0.00001     
 2- 3    +0.47244 +0.00016 -0.00001      2- 4    +0.94488 +0.00017 -0.00000     
 2- 5    +1.41732 +0.00017 -0.00000      2- 6    +1.46094 +0.00017 +0.00000     
 2- 7    +1.00913 +0.00017 -0.00000      2- 8    +0.59055 +0.00016 +0.00000     
 2- 9    +0.35433 +0.00016 -0.00001      2-10    +0.59055 +0.00016 -0.00001     
 2-11    +0.85170 +0.00017 -0.00002      2-12    +0.70866 +0.00016 -0.00001     
 2-13    +0.85170 +0.00017 -0.00001      2-14    +1.18110 +0.00017 -0.00001     
 2-15    +1.58461 +0.00017 -0.00001      2-16    +1.77165 +0.00018 -0.00001     
 2-17    +1.42223 +0.00017 -0.00002      2-18    +1.16325 +0.00017 -0.00000     
 2-19    +1.06299 +0.00017 -0.00001      2-20    +1.16325 +0.00017 -0.00002     
 2-21    +1.49399 +0.00017 -0.00000      2-22    +1.41732 +0.00017 -0.00001     
 2-23    +1.49399 +0.00017 +0.00000      2-24    +1.70341 +0.00017 +0.00001     
 2-25    +2.00439 +0.00018 +0.00000      3- 4    +0.47244 +0.00016 +0.00000     
 3- 5    +0.94488 +0.00017 +0.00001      3- 6    +1.00913 +0.00017 +0.00001     
 3- 7    +0.59055 +0.00016 +0.00001      3- 8    +0.35433 +0.00016 +0.00001     
 3- 9    +0.59055 +0.00016 -0.00000      3-10    +1.00913 +0.00017 -0.00001     
 3-11    +1.18110 +0.00017 -0.00001      3-12    +0.85170 +0.00017 +0.00000     
 3-13    +0.70866 +0.00016 +0.00001      3-14    +0.85170 +0.00017 +0.00000     
 3-15    +1.18110 +0.00017 +0.00001      3-16    +1.42223 +0.00017 +0.00001     
 3-17    +1.16325 +0.00017 -0.00000      3-18    +1.06299 +0.00017 +0.00001     
 3-19    +1.16325 +0.00017 +0.00001      3-20    +1.42223 +0.00017 -0.00000     
 3-21    +1.70341 +0.00017 +0.00001      3-22    +1.49399 +0.00017 -0.00000     
 3-23    +1.41732 +0.00017 +0.00001      3-24    +1.49399 +0.00017 +0.00003     
 3-25    +1.70341 +0.00017 +0.00002      4- 5    +0.47244 +0.00016 +0.00000     
 4- 6    +0.59055 +0.00016 +0.00000      4- 7    +0.35433 +0.00016 +0.00000     
 4- 8    +0.59055 +0.00016 -0.00001      4- 9    +1.00913 +0.00017 -0.00000     
 4-10    +1.46094 +0.00017 -0.00001      4-11    +1.58461 +0.00017 -0.00001     
 4-12    +1.18110 +0.00017 -0.00000      4-13    +0.85170 +0.00017 -0.00000     
 4-14    +0.70866 +0.00016 -0.00000      4-15    +0.85170 +0.00017 +0.00000     
 4-16    +1.16325 +0.00017 +0.00000      4-17    +1.06299 +0.00017 -0.00001     
 4-18    +1.16325 +0.00017 +0.00001      4-19    +1.42223 +0.00017 -0.00000     
 4-20    +1.77165 +0.00018 -0.00000      4-21    +2.00439 +0.00018 +0.00000     
 4-22    +1.70341 +0.00017 -0.00001      4-23    +1.49399 +0.00017 +0.00000     
 4-24    +1.41732 +0.00017 +0.00002      4-25    +1.49399 +0.00017 +0.00002     
 5- 6    +0.35433 +0.00016 -0.00001      5- 7    +0.59055 +0.00016 -0.00000     
 5- 8    +1.00913 +0.00017 -0.00001      5- 9    +1.46094 +0.00017 +0.00000     
 5-10    +1.92269 +0.00018 -0.00000      5-11    +2.01826 +0.00018 -0.00002     
 5-12    +1.58461 +0.00017 -0.00001      5-13    +1.18110 +0.00017 -0.00001     
 5-14    +0.85170 +0.00017 -0.00000      5-15    +0.70866 +0.00016 -0.00000     
 5-16    +1.06299 +0.00017 -0.00001      5-17    +1.16325 +0.00017 -0.00001     
 5-18    +1.42223 +0.00017 +0.00000      5-19    +1.77165 +0.00018 -0.00000     
 5-20    +2.16821 +0.00018 -0.00000      5-21    +2.36220 +0.00018 -0.00000     
 5-22    +2.00439 +0.00018 -0.00001      5-23    +1.70341 +0.00017 -0.00001     
 5-24    +1.49399 +0.00017 +0.00002      5-25    +1.41732 +0.00017 +0.00001     
 6- 7    +0.47244 +0.00016 +0.00001      6- 8    +0.94488 +0.00017 -0.00000     
 6- 9    +1.41732 +0.00017 +0.00001      6-10    +1.88976 +0.00018 +0.00001     
 6-11    +1.92269 +0.00018 -0.00000      6-12    +1.46094 +0.00017 +0.00001     
 6-13    +1.00913 +0.00017 +0.00001      6-14    +0.59055 +0.00016 +0.00001     
 6-15    +0.35433 +0.00016 +0.00001      6-16    +0.70866 +0.00016 +0.00001     
 6-17    +0.85170 +0.00017 +0.00001      6-18    +1.18110 +0.00017 +0.00002     
 6-19    +1.58461 +0.00017 +0.00001      6-20    +2.01826 +0.00018 +0.00001     
 6-21    +2.16821 +0.00018 +0.00001      6-22    +1.77165 +0.00018 +0.00001     
 6-23    +1.42223 +0.00017 +0.00001      6-24    +1.16325 +0.00017 +0.00003     
 6-25    +1.06299 +0.00017 +0.00002      7- 8    +0.47244 +0.00016 -0.00001     
 7- 9    +0.94488 +0.00017 +0.00000      7-10    +1.41732 +0.00017 +0.00000     
 7-11    +1.46094 +0.00017 -0.00002      7-12    +1.00913 +0.00017 -0.00001     
 7-13    +0.59055 +0.00016 -0.00001      7-14    +0.35433 +0.00016 -0.00001     
 7-15    +0.59055 +0.00016 -0.00000      7-16    +0.85170 +0.00017 -0.00000     
 7-17    +0.70866 +0.00016 -0.00001      7-18    +0.85170 +0.00017 +0.00000     
 7-19    +1.18110 +0.00017 -0.00000      7-20    +1.58461 +0.00017 +0.00000     
 7-21    +1.77165 +0.00018 -0.00000      7-22    +1.42223 +0.00017 -0.00001     
 7-23    +1.16325 +0.00017 -0.00000      7-24    +1.06299 +0.00017 +0.00002     
 7-25    +1.16325 +0.00017 +0.00001      8- 9    +0.47244 +0.00016 +0.00001     
 8-10    +0.94488 +0.00017 +0.00001      8-11    +1.00913 +0.00017 -0.00000     
 8-12    +0.59055 +0.00016 +0.00001      8-13    +0.35433 +0.00016 -0.00000     
 8-14    +0.59055 +0.00016 -0.00001      8-15    +1.00913 +0.00017 -0.00001     
 8-16    +1.18110 +0.00017 -0.00001      8-17    +0.85170 +0.00017 -0.00002     
 8-18    +0.70866 +0.00016 +0.00001      8-19    +0.85170 +0.00017 +0.00001     
 8-20    +1.18110 +0.00017 +0.00001      8-21    +1.42223 +0.00017 +0.00001     
 8-22    +1.16325 +0.00017 -0.00000      8-23    +1.06299 +0.00017 +0.00001     
 8-24    +1.16325 +0.00017 +0.00001      8-25    +1.42223 +0.00017 +0.00000     
 9-10    +0.47244 +0.00016 -0.00000      9-11    +0.59055 +0.00016 -0.00001     
 9-12    +0.35433 +0.00016 +0.00001      9-13    +0.59055 +0.00016 +0.00001     
 9-14    +1.00913 +0.00017 -0.00000      9-15    +1.46094 +0.00017 +0.00000     
 9-16    +1.58461 +0.00017 +0.00000      9-17    +1.18110 +0.00017 -0.00000     
 9-18    +0.85170 +0.00017 +0.00001      9-19    +0.70866 +0.00016 +0.00001     
 9-20    +0.85170 +0.00017 -0.00000      9-21    +1.16325 +0.00017 +0.00001     
 9-22    +1.06299 +0.00017 +0.00000      9-23    +1.16325 +0.00017 +0.00002     
 9-24    +1.42223 +0.00017 +0.00002      9-25    +1.77165 +0.00018 +0.00002     
10-11    +0.35433 +0.00016 +0.00002     10-12    +0.59055 +0.00016 +0.00002     
10-13    +1.00913 +0.00017 +0.00001     10-14    +1.46094 +0.00017 +0.00000     
10-15    +1.92269 +0.00018 +0.00000     10-16    +2.01826 +0.00018 +0.00001     
10-17    +1.58461 +0.00017 +0.00000     10-18    +1.18110 +0.00017 +0.00002     
10-19    +0.85170 +0.00017 +0.00002     10-20    +0.70866 +0.00016 +0.00001     
10-21    +1.06299 +0.00017 +0.00002     10-22    +1.16325 +0.00017 +0.00002     
10-23    +1.42223 +0.00017 +0.00003     10-24    +1.77165 +0.00018 +0.00002     
10-25    +2.16821 +0.00018 +0.00002     11-12    +0.47244 +0.00016 -0.00001     
11-13    +0.94488 +0.00017 -0.00001     11-14    +1.41732 +0.00017 -0.00002     
11-15    +1.88976 +0.00018 -0.00002     11-16    +1.92269 +0.00018 -0.00001     
11-17    +1.46094 +0.00017 -0.00002     11-18    +1.00913 +0.00017 -0.00001     
11-19    +0.59055 +0.00016 -0.00001     11-20    +0.35433 +0.00016 -0.00001     
11-21    +0.70866 +0.00016 +0.00001     11-22    +0.85170 +0.00017 -0.00001     
11-23    +1.18110 +0.00017 +0.00001     11-24    +1.58461 +0.00017 -0.00001     
11-25    +2.01826 +0.00018 -0.00001     12-13    +0.47244 +0.00016 -0.00000     
12-14    +0.94488 +0.00017 -0.00001     12-15    +1.41732 +0.00017 -0.00001     
12-16    +1.46094 +0.00017 -0.00001     12-17    +1.00913 +0.00017 -0.00001     
12-18    +0.59055 +0.00016 -0.00000     12-19    +0.35433 +0.00016 +0.00000     
12-20    +0.59055 +0.00016 +0.00000     12-21    +0.85170 +0.00017 +0.00000     
12-22    +0.70866 +0.00016 -0.00001     12-23    +0.85170 +0.00017 +0.00001     
12-24    +1.18110 +0.00017 +0.00000     12-25    +1.58461 +0.00017 +0.00000     
13-14    +0.47244 +0.00016 -0.00001     13-15    +0.94488 +0.00017 -0.00001     
13-16    +1.00913 +0.00017 -0.00000     13-17    +0.59055 +0.00016 -0.00001     
13-18    +0.35433 +0.00016 +0.00001     13-19    +0.59055 +0.00016 +0.00000     
13-20    +1.00913 +0.00017 +0.00001     13-21    +1.18110 +0.00017 +0.00001     
13-22    +0.85170 +0.00017 -0.00000     13-23    +0.70866 +0.00016 +0.00001     
13-24    +0.85170 +0.00017 +0.00001     13-25    +1.18110 +0.00017 +0.00001     
14-15    +0.47244 +0.00016 +0.00000     14-16    +0.59055 +0.00016 +0.00000     
14-17    +0.35433 +0.00016 -0.00001     14-18    +0.59055 +0.00016 +0.00000     
14-19    +1.00913 +0.00017 -0.00001     14-20    +1.46094 +0.00017 +0.00000     
14-21    +1.58461 +0.00017 -0.00000     14-22    +1.18110 +0.00017 -0.00001     
14-23    +0.85170 +0.00017 -0.00000     14-24    +0.70866 +0.00016 +0.00002     
14-25    +0.85170 +0.00017 +0.00002     15-16    +0.35433 +0.00016 -0.00000     
15-17    +0.59055 +0.00016 -0.00001     15-18    +1.00913 +0.00017 -0.00000     
15-19    +1.46094 +0.00017 -0.00001     15-20    +1.92269 +0.00018 +0.00000     
15-21    +2.01826 +0.00018 -0.00000     15-22    +1.58461 +0.00017 -0.00001     
15-23    +1.18110 +0.00017 -0.00001     15-24    +0.85170 +0.00017 +0.00002     
15-25    +0.70866 +0.00016 +0.00001     16-17    +0.47244 +0.00016 +0.00000     
16-18    +0.94488 +0.00017 -0.00000     16-19    +1.41732 +0.00017 -0.00000     
16-20    +1.88976 +0.00018 +0.00001     16-21    +1.92269 +0.00018 -0.00000     
16-22    +1.46094 +0.00017 -0.00001     16-23    +1.00913 +0.00017 -0.00001     
16-24    +0.59055 +0.00016 +0.00002     16-25    +0.35433 +0.00016 +0.00002     
17-18    +0.47244 +0.00016 -0.00001     17-19    +0.94488 +0.00017 -0.00001     
17-20    +1.41732 +0.00017 +0.00000     17-21    +1.46094 +0.00017 -0.00000     
17-22    +1.00913 +0.00017 -0.00001     17-23    +0.59055 +0.00016 -0.00000     
17-24    +0.35433 +0.00016 +0.00003     17-25    +0.59055 +0.00016 +0.00002     
18-19    +0.47244 +0.00016 -0.00000     18-20    +0.94488 +0.00017 +0.00001     
18-21    +1.00913 +0.00017 -0.00000     18-22    +0.59055 +0.00016 -0.00001     
18-23    +0.35433 +0.00016 +0.00000     18-24    +0.59055 +0.00016 +0.00000     
18-25    +1.00913 +0.00017 +0.00000     19-20    +0.47244 +0.00016 +0.00001     
19-21    +0.59055 +0.00016 +0.00000     19-22    +0.35433 +0.00016 -0.00001     
19-23    +0.59055 +0.00016 +0.00001     19-24    +1.00913 +0.00017 -0.00000     
19-25    +1.46094 +0.00017 +0.00000     20-21    +0.35433 +0.00016 +0.00002     
20-22    +0.59055 +0.00016 +0.00002     20-23    +1.00913 +0.00017 +0.00003     
20-24    +1.46094 +0.00017 +0.00001     20-25    +1.92269 +0.00018 +0.00002     
21-22    +0.47244 +0.00016 +0.00000     21-23    +0.94488 +0.00017 +0.00001     
21-24    +1.41732 +0.00017 -0.00001     21-25    +1.88976 +0.00018 +0.00000     
22-23    +0.47244 +0.00016 +0.00001     22-24    +0.94488 +0.00017 -0.00001     
22-25    +1.41732 +0.00017 -0.00000     23-24    +0.47244 +0.00016 -0.00002     
23-25    +0.94488 +0.00017 -0.00001     24-25    +0.47244 +0.00016 +0.00001     
