================================================================================
Calibration Started At:   Wed Nov 22  12:48:03  2017
Calibration Completed At: Wed Nov 22  12:48:36  2017
================================================================================
Calibration report                                      Machine S/N:SFD2001052
Grid S/N: 0003  Units: IN                                    12:48PM on 11\22\17
================================================================================
              X Location (0.00024)               Y Location (0.00024)     
--------------------------------------------------------------------------------
     Nominal     Actual    Deviation         Nominal     Actual    Deviation    
================================================================================
 1    -0.94488    -0.94477 +0.00011       +0.70866    +0.70835 -0.00031 *
 2    -0.47244    -0.47239 +0.00005       +0.70866    +0.70837 -0.00029 *
 3    +0.00000    +0.00001 +0.00001       +0.70866    +0.70835 -0.00031 *
 4    +0.47244    +0.47242 -0.00002       +0.70866    +0.70836 -0.00030 *
 5    +0.94488    +0.94485 -0.00003       +0.70866    +0.70833 -0.00033 *
 6    +0.94488    +0.94480 -0.00008       +0.35433    +0.35414 -0.00019  
 7    +0.47244    +0.47240 -0.00004       +0.35433    +0.35417 -0.00016  
 8    +0.00000    +0.00002 +0.00002       +0.35433    +0.35416 -0.00017  
 9    -0.47244    -0.47240 +0.00004       +0.35433    +0.35422 -0.00011  
10    -0.94488    -0.94478 +0.00010       +0.35433    +0.35415 -0.00018  
11    -0.94488    -0.94475 +0.00013       +0.00000    -0.00007 -0.00007  
12    -0.47244    -0.47239 +0.00005       +0.00000    -0.00003 -0.00003  
13    +0.00000    -0.00001 -0.00001       +0.00000    -0.00001 -0.00001  
14    +0.47244    +0.47238 -0.00006       -0.00000    -0.00001 -0.00001  
15    +0.94488    +0.94480 -0.00008       -0.00000    -0.00008 -0.00008  
16    +0.94488    +0.94477 -0.00011       -0.35433    -0.35426 +0.00007  
17    +0.47244    +0.47235 -0.00009       -0.35433    -0.35551 -0.00118 *
18    +0.00000    +0.00001 +0.00001       -0.35433    -0.35422 +0.00011  
19    -0.47244    -0.47242 +0.00002       -0.35433    -0.35415 +0.00018  
20    -0.94488    -0.94471 +0.00017       -0.35433    -0.35426 +0.00007  
21    -0.94488    -0.94474 +0.00014       -0.70866    -0.70843 +0.00023  
22    -0.47244    -0.47233 +0.00011       -0.70866    -0.70852 +0.00014  
23    +0.00000    -0.00004 -0.00004       -0.70866    -0.70845 +0.00021  
24    +0.47244    +0.47234 -0.00010       -0.70866    -0.70842 +0.00024 *
25    +0.94488    +0.94470 -0.00018       -0.70866    -0.70847 +0.00019  
