================================================================================
Verification Started At:   Wed Nov 22  12:48:43  2017
Verification Completed At: Wed Nov 22  12:49:02  2017
================================================================================
Verification report                                     Machine S/N:SFD2001052
Grid S/N: 0003  Units: IN                                    12:49PM on 11\22\17
================================================================================
              X Location (0.00024)               Y Location (0.00024)     
--------------------------------------------------------------------------------
     Nominal     Actual    Deviation         Nominal     Actual    Deviation    
================================================================================
 1    -0.94488    -0.94487 +0.00001       +0.70866    +0.70867 +0.00001  
 2    -0.47244    -0.47242 +0.00002       +0.70866    +0.70865 -0.00001  
 3    +0.00000    +0.00001 +0.00001       +0.70866    +0.70866 +0.00000  
 4    +0.47244    +0.47245 +0.00001       +0.70866    +0.70865 -0.00001  
 5    +0.94488    +0.94489 +0.00001       +0.70866    +0.70864 -0.00002  
 6    +0.94488    +0.94490 +0.00002       +0.35433    +0.35432 -0.00001  
 7    +0.47244    +0.47245 +0.00001       +0.35433    +0.35432 -0.00001  
 8    +0.00000    +0.00002 +0.00002       +0.35433    +0.35432 -0.00001  
 9    -0.47244    -0.47243 +0.00001       +0.35433    +0.35433 +0.00000  
10    -0.94488    -0.94487 +0.00001       +0.35433    +0.35436 +0.00003  
11    -0.94488    -0.94486 +0.00002       +0.00000    +0.00001 +0.00001  
12    -0.47244    -0.47243 +0.00001       +0.00000    -0.00000 -0.00000  
13    +0.00000    +0.00001 +0.00001       +0.00000    -0.00001 -0.00001  
14    +0.47244    +0.47244 -0.00000       -0.00000    -0.00001 -0.00001  
15    +0.94488    +0.94488 +0.00000       -0.00000    -0.00002 -0.00002  
16    +0.94488    +0.94488 -0.00000       -0.35433    -0.35435 -0.00002  
17    +0.47244    +0.47244 -0.00000       -0.35433    -0.35433 -0.00000  
18    +0.00000    +0.00000 +0.00000       -0.35433    -0.35434 -0.00001  
19    -0.47244    -0.47244 +0.00000       -0.35433    -0.35433 -0.00000  
20    -0.94488    -0.94489 -0.00001       -0.35433    -0.35431 +0.00002  
21    -0.94488    -0.94488 -0.00000       -0.70866    -0.70866 +0.00000  
22    -0.47244    -0.47244 -0.00000       -0.70866    -0.70866 +0.00000  
23    +0.00000    +0.00001 +0.00001       -0.70866    -0.70867 -0.00001  
24    +0.47244    +0.47243 -0.00001       -0.70866    -0.70869 -0.00003  
25    +0.94488    +0.94488 -0.00000       -0.70866    -0.70869 -0.00003  
